10000
1439628
3609941
9178558
1419973
3466503
7049375
2437092
3743961
310682
4872657
2783155
8110460
1170817
8338991
2817275
4211528
5059079
1583911
9753082
4797321
8058054
8369255
3649872
782269
3225494
6830944
2729672
3558931
7018330
5487003
3620667
9944149
8454004
4323952
5356353
506337
1869220
964633
2511790
4479647
2401829
8254065
7292700
5968007
524808
8512083
7730484
7292936
3183532
9391572
1152291
4412773
6748152
6459395
2124310
1500925
668957
5342357
3551728
5934771
2234626
3222012
7903084
6680345
7039906
3107627
42849
2133898
2897809
4058337
3694758
4548259
6193877
7260027
7104461
8565612
7641651
4634309
585477
5264287
8117951
7342042
363743
219597
466362
6716329
5162803
3524835
2037834
8998827
6929989
63539
2091962
4883627
7348187
8776988
7537318
1458761
6327171
1087977
9043707
6699689
7796420
5563187
3089956
5825213
7126453
1588329
6063825
2642950
8908703
8878149
7253066
8619595
5741028
9441045
8159968
8991243
9315587
3285027
883557
4934337
8301858
6277385
2994624
7777693
9768472
2639903
9075228
5601773
1488691
399011
3816449
2372336
8146660
6724768
3117179
8505998
5267762
9550360
1582184
8187215
1016107
5207824
6527003
2124625
4147586
3290413
6068595
2464898
8679886
6478357
3949700
4252615
9767736
1408801
2374203
3628162
7325724
331191
7389257
1108962
4979453
4722365
62126
5304396
2927394
819534
3232893
559033
4774405
279606
9810578
538919
2328108
5989029
6674074
8302820
4519311
2216238
3606809
9036322
129089
6588702
8144637
8172860
938166
3778376
1014517
6008713
187406
6718524
3122193
1818712
8601797
7777058
946792
8460783
4969835
4437865
3920847
3454966
6628246
986603
1550639
2728896
7019851
9748623
9010971
3743848
1105041
2392246
4153413
6872284
6118020
948446
6169412
2661842
1636756
1588614
3626337
4925441
9672117
2708830
7753091
6295854
2419470
403784
9972143
9303868
1097083
8287335
8952008
7869986
3022954
9127855
6963861
3255779
9025595
4680936
2417288
1573265
5518524
8590358
9491449
6580829
6249646
8466693
5493654
7516904
7618049
4178593
5847172
3782114
6601018
3348549
1848134
9346971
1898866
838944
4168447
5986947
5610046
7282852
4209682
1425601
3555486
7990275
6961433
2835549
5745109
7746180
1105914
7567365
5030479
9587802
2529697
2056770
5028388
9184049
4974163
772930
2845748
1237965
6425504
7678135
9742386
6067588
2482535
4368310
5363371
1590026
5794239
4085978
3420714
6641331
2143483
1924528
8085744
9126452
7763992
3318139
7228900
3857152
3615601
2705692
3005971
418557
7057485
8610894
4406466
5241893
3879376
1539182
5154871
8717615
608144
4574761
1851077
3632880
8342623
6281091
634291
8124919
3642003
4940036
3011964
4598419
1380780
7315027
3550331
3307049
3567883
2537720
1313725
885639
7490827
7365549
6257984
1720272
7226280
9567511
8641546
7322976
1168509
6034855
5670644
6122683
154005
6683800
7414361
5561167
3806389
6761722
8417183
4932425
8381139
9857778
9604177
9283450
6818755
1283174
1953890
9592159
1575529
6424374
7074119
5744019
87745
5719324
2452812
1027101
4578017
2048988
6011430
1538173
7552766
4680417
7018162
1509020
3812299
6281464
3099108
6529550
9531222
5142583
1964228
8006736
2053841
8483914
8192209
3212227
875607
6343849
2980902
6585186
9750181
3531382
107869
1535781
4752960
6501761
2277716
3259434
4533756
373970
7170219
9403426
1478843
2562835
4417896
8747052
6889000
6983357
8213835
6204482
945623
3256314
7214740
2554898
1291271
6339436
8484932
2826441
6490137
7546343
1366926
7404524
3490938
7303203
164544
8183771
6213926
5666492
8411707
3890351
5182724
2000617
8191945
5673744
9783665
3245680
486520
8938812
1453277
5745438
9749698
7272011
8856665
9392289
3949904
611194
7951020
9900475
2438870
4174955
1205696
4238467
6738208
9330325
4057642
1332891
995030
3344321
1122379
5130005
6549903
6160535
6906999
5643887
3364772
6812923
9048297
8737315
2725200
3928565
1856599
8909213
4322337
5010004
3387143
9483000
9658819
2336317
6704544
3966055
9776501
8769302
4578677
9611301
4425745
5913280
4578720
4133975
5387382
5654226
6016038
5162999
4219240
7240673
6134250
4174926
6121485
264453
2899008
761071
5029583
6392901
25300
3450196
1865045
7362321
7341254
174152
4648000
4392684
5341137
2603001
3973235
8005429
6479392
4196997
7396566
6959836
545170
7733347
4286331
3259224
7620986
3823064
1366857
9459234
8216641
4563099
8988777
2628838
4313313
6977142
5370068
5454517
7446617
2585320
8283529
3784792
5722078
1122502
9176395
8329500
5192964
3363559
7208730
9649908
7181766
4021333
5564026
7376730
378955
3829072
8946865
1190913
221722
9024163
3976684
6347707
6120062
4601981
6991748
6224207
3325025
3274653
1363944
5249644
8893485
6161674
8806705
2490708
7657345
7539654
1112884
103060
6871507
8335969
4657115
1963232
6763048
9256861
1135810
1343795
5927074
5598023
211361
1681238
9640768
6126645
9745775
1464939
6318544
5480535
6431204
8679288
1720584
1406644
2557348
9901279
7067439
1896495
1393384
9302062
2719319
6775266
3547709
1356264
7181355
567738
2358427
3193190
6047698
1935406
2350275
6860076
1534826
3426759
3614153
4680828
3695993
5692982
7404763
4472868
8460989
8198675
1929057
7023550
5405650
2391009
1945984
2227462
567354
1409022
4778921
514981
3995414
9281383
9514719
2004535
9767907
921732
3800375
3042510
6189962
9660648
964455
5763167
3221038
713317
1735706
8525126
8949702
2321773
2384978
6440127
3132168
4778223
6620212
327270
6745745
2945849
6766562
9249481
7171462
4454436
7307864
295366
3122803
278015
8056553
6875146
3319495
7991840
9276189
3889111
3002055
3196776
4017644
7310030
411133
8589573
6926282
1845705
4322933
8295696
9038390
8658004
7267765
980389
9314411
7565887
1704461
4923137
5421813
2568288
4757515
6907409
9315490
4027756
7937984
8726177
561219
7695268
965977
1749502
3154623
339210
5185494
581190
2875456
5617985
7871805
9535794
7587098
7179852
9775976
2498546
8290208
4078699
6911599
4327337
11818
1102109
5071104
5780981
4832778
9562675
8924360
4773678
393495
7036538
8312201
8597237
265287
8926638
8690336
4596713
67247
1147808
2382122
7199503
3967861
5824126
5860645
3532045
1543380
9849629
8042484
8371229
2034598
576493
3102832
4665746
872029
3166223
8819619
9530948
5795457
9808255
6405520
7123250
9780701
3369041
4580256
5600380
2699946
5040882
149320
6027141
9561581
5724498
6894198
1767045
5610518
654245
9317418
6878175
1558117
6921303
8511321
2753229
2454431
4991404
2337213
3625102
8896654
5605566
2645161
1519495
6879730
18607
704736
5295266
5368702
3401227
261749
308603
6133195
9680067
4264272
3979651
1845641
5423232
4535564
1525446
3270005
8541312
5315514
8762405
3946855
435763
793279
8075215
1044375
864102
1189755
9323733
3217839
2526200
1349299
9590761
9404299
6405955
6968648
4595974
4470463
1186812
9223895
4923827
356317
7870871
9368317
4581470
3058431
8397073
8840683
4027035
6119904
7964793
2452721
3889656
1662919
7813073
3188067
5740495
7101315
9909543
5805969
7620108
1779599
8339807
994987
4693936
6691691
1786532
3360324
2684216
9247344
2462268
8018101
2485108
3110409
3410954
2247494
5443098
5226334
1966011
1904325
9356263
6610910
9026334
3106457
8227341
6470973
7200162
956703
391512
7139487
1371552
4593313
5864897
2145551
9864366
7238939
4262511
3209641
7100433
6105939
175214
3907155
7065983
6740000
3930971
2127997
8771477
1230979
1088292
1464741
7573592
2003298
9624046
8074902
8470960
7052252
6757751
5320692
8281237
5498203
5940176
952258
6648894
9348025
9440231
9336676
8657482
4675097
2879564
5006006
2419355
8887141
5203353
1837871
6268522
7834855
2969463
6920350
300643
759967
848342
3846589
4089915
6090667
121882
8621916
1845070
3202842
3283112
3157128
8619618
5194107
3439678
670414
8382830
5399266
2853673
4656373
8030990
3913068
2469034
5367870
2782096
955821
2875686
6920200
4435223
3605913
771238
1615224
9293292
4853921
5336717
9496030
3076002
6276814
5291810
4859140
1190289
6444504
4927911
3322044
5479010
2238037
8795716
2680637
9930779
9528625
7955145
1364798
392384
665893
6556698
7409138
1339996
3699568
7218345
631043
3949569
7405126
8277657
7935152
2810071
1524070
6488430
5024216
7023146
5995469
8833288
8946251
2741753
6225383
8225071
2826054
2274741
9121646
696440
9211350
479426
6638561
9798411
2894953
6021099
4598600
6505122
7347678
9594333
8239960
832599
2905097
9992978
7895573
1726653
5790025
9794201
8802922
9091362
3585833
9008485
9966847
3836784
723025
4112414
1423049
7930840
3052356
3111597
7220354
3049862
2044332
5438963
3663050
7666558
357216
433317
2811353
6924156
6487446
1017445
2133274
4263750
9837212
342415
2213600
5067942
1647939
2499344
5037227
7440127
3157745
710358
7736706
4503477
9025537
9288548
6392472
6706631
7649450
8287248
2028062
3822084
8862093
6013008
1154215
1420670
5459943
281059
9082768
7420800
9694541
5000566
6734145
2683304
1928588
180557
8959131
7367347
9675931
3279458
6833489
790245
1831157
5490079
9144159
4640085
379774
9925712
2932323
4262035
2153651
6182437
6554767
373297
6930138
247587
3352884
3942943
7890863
2932431
9458013
5873721
2212037
4567390
8041839
9994727
3272017
7693667
9726946
9513446
8667614
5420709
1771975
5130687
1975100
1846091
374262
3438849
172939
7269339
8164335
8757087
8441227
1824934
8771124
9825255
6954369
7753466
6723728
6301281
4917592
7231539
8482818
7121845
4213550
3821222
6655247
8843101
6386619
8264646
9706677
7596478
8335864
3156560
8234095
191782
7599910
1975353
5832445
607394
462326
5569678
5507248
3710606
6430945
7051608
2356060
7798668
1972
6039394
7786827
6548625
2112634
6469463
9719762
5338705
6433451
5450356
4678839
8834564
6293789
7889727
4465743
82469
5330501
8764407
6804535
1495937
9886303
1588288
4164407
8863500
9658798
9209741
6053604
3267936
1069524
6285121
4689816
2983
7159576
8758011
925545
8656011
7235598
8566822
5818138
5340233
6744175
5456893
2405722
4854829
6810747
4010513
7632942
2238385
252073
8756627
8781699
7783139
519641
9088487
8780280
4224569
1021307
1677767
8421280
1902276
102306
7352956
4926287
2676848
6634196
8644020
1507586
6433190
2222881
1728731
49605
7081853
5279023
4497943
8871489
1067672
2313010
3700182
6399853
7582341
297254
8449942
7653520
6167932
4595193
3011964
1514100
715711
526026
7465223
1613874
7114646
7682834
1166182
7037431
7116735
2357480
64664
5449807
4273323
5542468
3790184
6784600
2206712
4719550
395964
6656062
9739691
4866857
8421581
10333
1089250
6104991
2071774
9949352
2590589
3630386
9520187
9113330
9412786
2428015
1939646
4264497
8566941
6373552
8039219
2473164
8995406
4203947
4813377
5578533
6237224
6215259
5102359
8070884
9722366
8531966
9870915
4417237
5136114
4573623
1680466
4874700
3414961
761430
6666756
9367695
6765248
1338610
5911541
6382751
2624858
8416626
817815
5683913
4044296
7493630
9063502
3409824
8540280
2579797
4354153
1888985
2629150
721298
8504677
8916296
4423831
1874124
6332310
923350
9920077
3436750
810792
9632119
1017830
7936523
1159783
7039112
7819942
506544
3020735
7204437
5742674
7313785
9140099
637003
2039286
1956247
9079671
9879408
9728191
7689858
8863468
9779474
3953217
1991973
2317318
4418521
5542775
4499662
9285699
1256952
5789580
9396334
9462672
7931091
7091672
7759270
5349918
7638548
6811674
9422747
4140962
7919710
7899490
6084686
1716619
568399
3385466
1057789
1896325
5268067
2505750
3849514
4433919
759132
9435608
6872108
1332160
3303542
1788136
1247483
7608876
4431795
7012051
4699385
6383716
5311072
8596018
3277867
5250590
6539852
373386
9980843
8203777
9861782
9458443
2089115
3201584
3709272
2010496
1073808
2839977
8251185
5698819
81862
4063683
4364394
9869948
8857384
7293748
9489365
7333464
8819508
5879339
2057654
6701577
8242062
6105800
382361
6466564
2245973
4006235
7965810
993920
8937437
4457642
1947983
4172949
2992299
6981759
5575231
6818585
7544933
4689461
270997
3301652
9179982
5872663
8555825
1031015
6178569
5920063
7387164
6102108
1546498
655088
3232800
7846024
9087880
3525296
9933664
3700087
5865163
6259437
7051317
3085750
9739764
2539531
418574
3478207
3353557
2936342
2969800
2274225
1933756
9934962
2626472
7113554
8407450
7659678
8601412
8688651
7408239
5468103
9711696
4975410
2143401
228220
3002070
6004877
6698031
8064081
7174714
2689751
1449376
3959071
9543853
4506789
4121302
1058246
7951209
3051469
6054592
4305394
9217863
8116694
7639322
12548
6358408
5396198
7267626
7061068
3833295
1236431
8515592
2364204
6671666
2725392
3695365
5778777
9668695
3561610
5076245
7122051
8723541
6343684
8955375
2197355
5959030
2832518
728465
4058578
9387602
8669457
3814758
3785267
8343705
8161953
9078964
9854601
7802252
1206329
396964
6879705
1837472
4963314
8850462
1622737
805864
8930300
3505047
6233314
7798156
1741394
9679270
320377
9311490
9239147
4930392
9476590
5166037
5666198
5491381
2745437
3909821
5064894
6329895
7423788
4306526
3994832
8795599
2145735
841916
7021613
8212263
2540173
6011476
2605201
7169484
6188374
4165777
5844793
2448526
6292167
1049026
8617692
2017874
4146340
1434632
6367901
9373473
5155931
3046248
3112194
2799910
2617103
9329446
5198430
6496270
5125868
1212069
8193815
4784485
1089735
3077255
4441486
894106
6681167
1734827
5182881
3354849
1500425
5793468
2144484
4811400
7736980
3275059
5746586
21732
5721338
64983
8197231
6994296
4899444
1552630
5724731
7849215
3932883
7922309
4067581
6904015
2912561
399807
5569411
2509124
6479474
2429400
3533197
9555102
175636
3149205
1905009
9773399
8342690
8084738
4193385
2055493
8617708
5728078
7123160
4522133
5644844
1720663
7613362
8679004
5836909
2013181
4770193
1905995
5455924
2152395
6167495
9156592
1663189
8972321
8103621
9062603
7498655
5860111
5176378
7549741
4931088
54816
8296776
8871216
782069
5015238
2489069
4829372
943502
6307711
1406863
5908583
7712253
6203807
3692193
8901916
9290107
3324563
3113713
3660418
7265472
6489643
5526649
5624144
5803219
3256735
7302167
4511854
9420540
2096951
4554500
7105065
4347936
7322489
9327153
8642568
4983109
3630973
6792480
4873314
1074976
6992053
9521798
3758390
9172150
9670684
5949623
646745
4443752
859963
4662186
3523976
2085186
5898244
9838221
7302991
7894881
9565
3224759
3640984
4623297
4434961
2194554
2071988
6594037
1754906
149348
7286555
2433832
2527242
9209728
6167632
9070792
478714
7390111
3206578
6910000
906861
7276754
8077138
910801
4197360
6043349
3294685
6273992
6013905
8953820
7588327
1660398
1129356
2010086
1503475
8022526
384642
9610814
9170068
9014727
7639863
8061900
8667592
8523249
9819611
3136968
5501681
482450
5932346
5036389
2592624
2981466
1641808
284771
4670639
7500966
1211969
7314400
101243
7137119
8314718
2873696
9202784
8188722
9151317
436000
6284024
8581426
1788118
2829525
7026609
3489535
4765694
1729739
9662513
9851428
592471
3206371
1378415
1254557
1792540
668406
9891976
9133698
3790327
6645099
4024388
949081
3019573
3657022
7728559
379830
1827862
5746401
6396148
9566624
2198715
904910
6811236
4202882
467041
3742811
5597778
3281513
2370713
9221144
744129
2506068
4744887
778270
2267825
3745132
7686570
8226720
8578744
7518713
6466053
1379728
915992
357965
8400223
2928861
7704492
5084100
7805402
389135
8094183
3928965
6215688
4721442
1678409
2093868
6573172
6851473
3134838
7370474
5356686
7921476
9006683
6020782
7311406
7349660
3502623
3813660
2281551
7507495
737832
4172318
6940030
6492518
827338
9070574
8304603
7590524
9997626
876631
757049
2285381
106277
8453390
5365856
8652210
3625490
5463362
2840954
7119730
4181129
4138946
8182353
6434758
7062882
4510990
2968845
7046159
7104587
9537049
6460433
2901534
2330850
3850518
482293
6159902
540486
539951
5472532
5821846
3547067
8841245
485517
5408965
6386952
910488
8135271
4317674
1250195
5632615
5101018
1395913
1186529
2797601
8958942
6821415
9335098
1104038
6550063
5468651
749061
5784398
4253860
8190628
1701470
2236546
4384242
2039921
568324
1284771
8186720
8802492
6199303
6371399
7003380
4313621
6398211
8640526
2062501
6640294
4345604
9635576
5771288
5699381
7758130
8593581
9951253
8466667
4905474
1100079
3321886
8352223
3942924
5220674
8823902
4769397
6264715
4251550
2538168
2761034
5862440
6164812
1771381
3035753
530456
4578950
5450467
9223980
4233980
5502116
3694379
931782
4401103
393663
3735501
8280691
2322152
7940630
923020
9229611
4230957
9694180
8423932
7727051
1637187
8779872
1038115
2761233
7664758
2378490
8690405
3943807
4652298
2725281
8901698
7971204
6154989
5890250
6583542
1231130
6846468
9614787
5396832
4630866
8698657
6990844
1107156
8757314
2956141
1334775
2463639
4383702
698189
8270269
4876152
5831706
412120
7778667
7300045
8046300
6138444
8387762
8084181
9271832
8177107
6073596
9573485
9404816
1803561
9760647
9714223
4709398
3961155
713186
3782931
662409
2629743
7386800
9870428
5582476
404312
1238999
1654037
8044467
5840901
137312
8397467
142774
8222558
7775201
3522848
6795140
161856
698155
5840571
2243896
3459610
9605430
317078
3571246
5455009
3921054
6444731
8288786
4919790
9106915
8176777
5404770
4916007
7723491
9590933
6360821
3003301
3982326
8616145
7203443
8737868
2076371
9218559
9849886
2723600
4143870
141146
8468097
5967513
5867409
3328819
3310233
1805521
4652500
4846133
5881777
5833330
925667
5017819
649343
7881019
2252605
3532314
7682719
7407078
2006357
5778357
7746138
7390849
4216541
5644579
3563550
5470641
3470204
564998
2217322
6087240
4944107
6745563
9990123
3711261
1769102
2332826
3960069
9070672
7602738
1511375
3806842
9549970
552275
1396594
3699009
2239526
2754429
904506
1341323
4780541
2548673
7866609
7944654
5314646
3347470
9586578
7762536
5568640
8121518
9440663
1137309
4220609
6707173
1656046
5259116
2744576
3549955
6201699
7059312
9942089
5319615
3442471
8665214
5292412
3701786
3790760
3065789
6269166
6863514
9007233
8176532
9833070
3615312
9021274
7551113
7155841
8492030
4047122
5839537
1056025
4021637
2701345
2858156
3446044
1819060
6127986
6823845
5984047
6995824
6652531
1031317
2582337
2478259
9617955
384172
4500972
1284856
8506763
6365503
9862344
5621908
5903913
3048615
5654284
3106721
1505857
3884814
1677328
717655
3001797
6502556
507637
4705087
3925314
1940156
3793143
3072642
6127503
8998729
7825950
9088601
3246032
7231898
8840712
1982734
4587585
8336144
9737520
7903902
4708529
3250766
9645497
1390902
2444666
7554785
1500168
3298623
3152829
4669561
5447516
3473204
2132475
5764707
1506005
1582752
367647
4716206
1156928
5050848
6500716
3220311
9249019
4745653
2585661
6784071
1067511
1278215
1826195
9405057
1844901
5453265
7988786
2934699
9629948
1769737
9721781
3868789
1508983
4933012
6970342
8767210
5161924
7702844
6975486
4996473
9930206
2081965
6193849
249151
7099483
3045539
2008936
5792063
528771
7387436
7710109
2655599
1356361
6207760
7155146
5749708
3331922
4995657
8651077
8685724
2263697
2428177
1274145
7209447
9222936
9638653
4248473
194925
2969702
5014289
7224122
6270794
9431739
3245874
3969673
1166626
6080034
506003
9769082
1997029
6300324
4074940
375322
3552985
3257030
4159581
7225301
2140710
8386348
260146
5053265
1816695
21576
4060814
9380743
1260478
3416219
7732917
5394717
7863433
4358765
3895224
5815064
9523574
1422520
1381913
7836654
235959
521309
7562583
9645383
459500
5966687
7437621
3546652
8499088
9004905
9961117
8567928
9021380
8748117
4223849
9440856
9399849
6243417
7778981
1735463
7117963
407103
5592625
9856636
1859174
8695576
1318491
7586632
9408911
4657646
2080480
5725252
8702757
718201
2142532
8801217
3222442
468987
9440357
3538105
8249190
4316876
7420974
9633587
9604505
2985055
240850
156609
9708865
9943643
6671524
7541763
2861027
5819263
6460424
9160511
7438628
3359689
1886610
6689485
6249837
5241917
3555374
529107
9210497
8719823
1840605
668898
1665639
6877696
7431522
495603
5881840
270249
2581395
6713123
4876335
322571
7040348
7721781
1437144
7132865
2296812
7020617
6614331
4167668
63482
8916002
6481437
9813587
4935013
7568483
1518251
3243058
3605768
6772940
4079675
6679338
4630229
338940
7598267
3970046
5830120
1646859
1408294
3788403
9693436
1154656
3974010
8697281
5081007
2622692
623975
9624843
2243400
6729896
9779294
7889650
7705804
2079030
590483
9954202
7912647
7278137
598170
3641143
3554362
4515833
7792810
5567456
605089
5904275
5057201
216381
5036714
9060514
3162845
8549183
2185739
1311563
3197263
6698927
1216542
929964
2707898
2874323
6934843
4138783
6823874
244953
1650577
6306818
2169725
9936379
4316680
7860626
8672109
4265569
3257355
9031835
9441957
4278242
812539
8368842
2772190
7871921
6939448
4236190
9034738
4585742
674996
7204114
2165564
5452680
2256990
8611826
5642024
1438235
5916559
5840818
4945506
8721600
7891477
3236336
4814402
3355728
4547195
2492285
6786929
7864320
7444908
3285096
5809730
2083585
2792726
129345
7469971
9255708
8077665
7287661
1802708
7773864
2219683
6937337
1758027
9097183
6277802
1226189
6088755
8813819
4552543
5557795
7276729
8278874
5832874
1382345
501535
2319738
3326903
6846026
580745
4398052
6755295
7784588
6065983
6140076
4717119
569134
6511373
2085999
1723727
6374412
7923173
5053519
1327729
488662
2157248
1211418
9489044
7442095
8171576
2931535
5280041
6014064
790930
864340
5459720
5260080
9564744
2020838
2786858
6328540
7603785
9653940
3309710
7647854
5678204
1683680
6215649
2250341
1741552
2089939
7395389
2898940
8483738
5197147
7570720
5752772
6642807
7267332
2497255
8194962
368497
9139194
4158335
3728130
8774169
2181720
7352070
1870310
9999560
6532686
147478
7744782
2307831
9828426
9927298
1624137
9534668
4594048
596092
523554
5859752
652366
7214064
952371
4195841
9783901
2134227
7152009
7540796
5752855
5003821
7026893
6643774
9914821
9110665
9225757
6685991
1817763
6050712
3886323
2189820
2488449
8426259
3766107
6643994
1564853
6115465
3813697
7894883
8806919
5492390
3024037
3393936
3921566
7388066
488354
1910313
5874197
6686755
7483000
905163
21438
6380185
7969540
2734013
3719385
9809132
9936756
1585222
9071971
1792701
3998913
5606813
7812931
1016628
4375685
3785924
1711490
6767740
3130672
1965493
6792103
6406520
9258834
2255953
4375860
6914421
2751668
8500509
185199
4642808
4437910
6041992
834473
4891352
3156542
815203
4013207
5364418
4587387
1423569
9059811
2338022
1987915
6369403
1353632
1733999
1702139
8059056
7117723
1501758
3689141
2403260
8274354
2456723
6069622
276282
6610559
6437573
1451817
7449528
9533569
3596992
5023520
5294816
7629767
6102423
3523906
3761724
3339681
8437413
98741
7859372
4453173
3865540
7103919
6289559
9299516
9468916
2845371
3535722
1443212
1274979
6265862
9783328
1255152
4343879
6381872
5157924
2187564
3976293
9876372
6553842
5005831
8498923
5786489
3055144
7529899
9376157
5633172
3278060
7380225
8024127
5893552
5690794
525566
1377657
9027764
1473307
6198942
3805945
3011186
6328706
8808786
8314473
9864346
1180023
7414472
6006667
4973848
2985988
8411959
1148609
4187463
6473317
9403698
8996908
4193719
5911224
3969525
942977
9262108
1860609
9721101
9984603
4156484
9247838
2365032
6695197
5477312
4541017
4164116
3726480
218496
3742769
6410439
6706799
8191251
2650875
8992246
7659604
9332342
9091236
4993330
4585187
1045055
4635010
5329685
6432994
8823252
5923166
1995524
4093764
7476153
9108078
4410912
6304160
8675124
6888737
3818172
834226
1822656
72399
3830729
1381783
949183
5226212
7171345
8251020
9387808
6115896
873221
9898323
2184549
6483695
909391
865949
5180231
4225019
4577754
3657976
8934578
3471645
2299317
5753421
7138472
2934616
710629
9067153
8750766
3897900
3799685
5109327
9297802
7730046
5277504
9193110
4359695
5318005
4499161
4570524
7940741
1095439
9458566
665067
1477441
3949294
4326816
3896581
2955661
308967
7905534
3466075
394393
3113176
2076646
7745755
188841
8094205
377973
2520944
2133829
2132540
310207
8510339
2195658
9055975
2914487
744287
2558173
3202435
8458836
6229274
3806366
2460282
3247383
8960247
1451467
1841859
5798584
27543
130150
9312801
9618330
1353518
9711049
7425337
9987365
6439877
2021910
3003340
1001633
650508
7784612
4214775
9176111
7186121
213887
6001324
5067433
3535402
5091852
2051636
7544545
6260215
8367835
4746661
9213781
9913100
7110463
5581587
6456007
5332534
733372
5646561
4018337
9112542
3998908
3847269
6449146
9068270
4330180
2816819
8924439
3118008
7794606
2678526
4768714
5492731
1012135
8831974
8250449
6043042
4994580
7797177
391283
3728455
3812946
5162136
5551006
6146394
492295
2403778
6121875
763097
9228243
5079267
3986610
3269768
8318080
2526626
3607145
1794668
7199643
7691401
4588407
3903741
7305661
341713
6781433
8537276
3035935
8488367
261149
8996264
9746008
5983726
4785445
1281230
2443476
5164847
4752035
7887414
9953586
5981161
3559110
7744695
1865022
6382410
3548340
4069242
3151690
7336529
3896461
9477063
7465469
6628178
5903013
5267059
7061292
2408382
5766654
6907136
6569373
6775460
1331782
781301
379301
2420608
7610526
9384300
3301638
2210572
5528069
1542027
9304704
6091541
6385902
8972989
6288221
4023694
1545335
5472965
6750232
8799601
5108810
9436751
9196377
591454
4717336
2686195
1083892
9658725
3595979
8257283
9380162
2351320
9428593
5910189
6174001
4460419
2106311
8089981
2797491
6814511
5365044
2927461
2466340
9583161
4637024
3370078
7074032
2422038
7400246
2318552
1802060
142943
1802641
8181694
5445563
7885039
9124520
4908241
3311160
4404139
2484637
6794952
6504384
6092019
7861064
2521125
3005506
7150632
4717032
4408280
4671470
6539137
1565664
3888770
3694186
7174990
8932873
8410571
8342854
658115
1723945
7262921
9156691
5462400
254123
4831811
469122
9527457
8338221
1911612
7345777
8465210
9233319
3284095
6378369
8780090
2121450
75030
5456562
3525101
3558510
5276846
1649587
1062420
4557011
6332667
7289345
9067414
3326344
9098836
6841109
2293553
1078064
6754898
8018786
419064
9872884
5432643
337918
88072
6396190
7893835
6042470
5208198
2255432
5768150
7185958
9305334
6106012
4513610
709973
8585073
74894
2613794
8387938
307743
8542728
8469662
452660
2698677
7984893
6877583
3455932
3721256
7243147
3225122
3167541
4303916
622334
3655249
4619577
7549730
1376901
1491653
302748
5462346
1120858
7852995
1477157
1926711
5896872
7299163
4791883
513106
6077535
2648615
6868652
5381107
5920506
1337811
300877
8299901
3535538
998526
5284635
5753294
3077072
1089163
6047703
6716826
770625
1416806
1030676
3410223
7853754
5507586
623499
3868860
9960383
5828267
2792625
3573477
365984
3738654
1264911
2193045
2953619
937510
4645550
5905532
4095768
5761079
5220604
6121694
7024831
5426002
8531520
8362508
7189883
1152746
7602025
8889434
1955642
4335892
8604189
6607009
7982757
9789153
9260305
8384346
2139194
5517341
5662872
442139
1496298
8777725
5059323
5754130
5619081
6502486
7987876
1268309
5477582
826008
9431690
6023022
3631315
1315179
4579789
9884310
6647795
5029637
6329193
9810796
2797997
6171544
9422776
3839490
1575922
361757
7892839
4851737
7201626
3706920
7075764
3454252
160576
5430676
7359150
8116890
6554753
9751030
9191667
4122116
3753959
4528489
6177390
1599597
9452856
3999149
4129128
5252178
9121982
6878912
4075675
3957718
9284234
8456604
6704850
3908356
9850613
2910230
2817072
9407017
4816346
8164403
2045534
3235179
900566
1442423
1360468
2497166
4606830
3600334
4706075
5048910
9054465
3827460
2371149
2126824
5987424
1132971
545840
3981664
9275581
8577351
9175771
5838878
7039622
6666960
270147
7478084
1145452
4978291
9230180
9295901
1067537
9159493
1205221
3059785
9753741
4014529
6597749
8498453
9062892
5970918
3118719
2422940
7099625
7219225
5493652
3452592
321945
2187264
4115271
3456807
5270515
432018
9353012
5505634
8231846
7208647
74448
5848953
2615526
1645019
416697
7304239
5609288
7734191
130075
7132487
3193954
7008703
233098
9574961
1009113
8111872
6569313
5941615
2970999
3168089
9198983
4126340
9253125
3697712
2114766
9263488
5135241
5850337
1213474
7900889
2791095
3306149
26415
7732003
3067939
1385112
1299936
4060685
1903602
7076237
4323625
4327089
7611913
4286242
6948545
9175851
9627407
2064334
8505167
6603577
4768418
6568271
292988
6884833
250814
8785041
4699208
6237176
4018802
688856
5565580
7087190
9356695
206022
4309477
8299089
3383981
146251
7374944
873560
4300351
7549690
2630570
8913146
4262201
3719631
6711282
6496365
1609587
1070162
2312103
4996961
2903715
5626945
3404633
3404643
2335137
8295456
2068089
8384920
5432890
26914
1967153
1787852
2240207
4495805
629090
9751604
4635980
5938421
4868069
9254402
6678823
2168914
9758458
1719559
4118706
2664482
9722977
5337399
7689650
7930458
3651175
1472247
8060609
1327769
6999951
4010668
4523512
1710494
5036422
5426293
176527
168145
1690524
2970781
3989154
8059684
2358262
927485
3946390
8894884
5671376
6732334
8704632
3617191
6591786
341231
429088
4038293
340123
8879511
7950601
1969608
1473370
6294684
152350
7633800
5073783
6666888
612028
7519468
9858799
2604985
3331139
7310096
6347646
3000542
8128801
9890584
2867246
3764330
3625166
2500572
1764397
4772969
7216013
1396669
9924736
3495480
9355066
7922332
4995777
5000957
9951637
9788454
3923192
9064794
106407
8900258
5730536
5752769
3126213
5021358
5354444
1607883
4659506
5412221
3763763
1522261
5304718
1727736
709684
1166832
8901277
2686897
3139286
7578361
2578030
4466979
874403
2514077
5239585
189194
1688680
7663695
6554737
2437
8273015
5028961
6564156
6806104
5407934
7159368
6984183
5606317
6617526
5575869
5990382
1667068
1324782
7917738
3067416
3924993
6746031
2620110
8446031
6735055
1429541
6683868
6586811
3335580
4617577
5061448
2373038
5674505
9391005
6532134
3492457
3470812
8711109
6563760
8095071
6011103
7193236
2779830
14846
6984384
6124877
6740381
4559790
5054018
6007128
6154803
806708
5768245
6593067
4938461
5630818
3646334
8767612
3395900
2541576
879658
5634313
7335138
8275608
5905736
8975306
3202593
255471
6072998
9897655
3974267
2792822
8352525
5953232
272445
1454893
6994956
9708619
5253941
3280752
2733038
8220216
1136849
6630019
697661
3929315
7056145
7707468
9252651
4634707
7072356
7828101
1910181
8397403
5520945
496563
4188796
6852274
5688395
389498
4990035
5318804
1040952
2525222
6686972
7191904
6750470
2173362
7556724
8184047
3659309
5865574
5411135
3173752
3799861
6090263
2882065
8276212
9435338
711318
8591060
9881637
6500591
4818184
1067686
2865018
6053346
2575102
5718403
2435991
4312106
8128646
5063337
8882811
2844153
5620984
9652077
6088435
1789106
4790019
363886
2583789
5345518
7153939
9092253
7982463
1627781
2414026
7515966
7934230
9640275
5418718
942166
4554981
7777402
588066
2000039
8102974
6669252
9409400
9974861
5541650
1497029
6782636
403593
5690748
1727921
8529033
7616617
401362
9629049
2192466
5838716
4025512
3832579
8269472
7775750
9489361
6938745
7297655
4011139
5771832
9097867
3409149
1725086
2891498
5200060
4467028
4173457
8546742
3108653
8136244
4372665
5945816
8897600
9101229
6231873
9147400
826076
7044223
3072262
5352800
9068759
1833428
2606768
3110737
1470473
8951675
7651111
3277060
8140961
6435170
5697229
9702572
3679181
7319989
4100482
4623646
1441440
136424
4743761
5236369
6778345
2057373
914467
4021835
5489734
6599326
2004096
3941886
8048692
7565278
3949109
8916485
3515443
5561242
5532899
5526561
9985654
3259302
8134753
3702319
4867804
9811448
801096
7444821
752336
6195804
2048270
91994
8892348
6177082
6266858
3263511
5172830
5323699
6196048
6932068
481615
543657
2386924
4035116
3088738
2840707
7272976
9299277
2463455
4409430
2819999
5055915
4195755
4339588
7000993
1671464
664006
5236666
9686041
1190191
1637763
6460293
8036399
3199464
3764072
623654
9718163
4231241
9811873
2477300
978350
8332242
8636113
4693287
229542
9919455
5085622
1232093
7139318
1305037
7959547
6791174
2496431
1799883
8989103
9128307
6574051
6368396
6029456
8532316
4208370
8932607
9831518
1000729
8268956
4653919
4234458
8906212
302813
5584552
2170855
6697042
7173406
386642
259454
997225
6597443
3590574
4364105
8399796
1897070
5133351
4116870
2862418
6145892
733394
2565009
8378231
9029085
2188743
3862739
9301805
9749412
9163665
6119928
9290156
6309336
8091329
1536931
7772782
7951044
1416004
8003034
9994430
46186
5801748
380282
1174221
4185217
9754436
5552903
3842432
1531903
9054704
9477807
6540125
1133129
2185117
7086346
1097978
5614999
1868766
192679
396154
9946455
2443185
8402872
2638404
2036723
8802133
8243784
130067
4533622
8980559
4505872
407116
7586349
3656158
9681130
1984226
4694032
4873058
713031
5579807
1095163
9691329
275803
740725
7246076
7743299
6122413
1150670
4939701
3897569
6140859
630988
9690792
4844335
6984491
6228006
5117410
8037947
4519405
4967819
4462945
4533126
5111660
4631772
9509375
9913386
5588864
2902941
8778350
9257416
7988193
6652167
6404756
2052791
6987335
387978
4245132
816144
9395099
6038486
3977257
9554706
4765731
6891261
1095514
9775458
3365902
9998282
3882261
9924204
5924879
5629462
9615120
7546275
9365401
2085309
9536632
6999748
878840
1216482
5039684
9918324
9986600
287365
2137905
9209411
826937
4533280
9652189
2201600
6597754
594268
8182487
4094715
5296488
5329291
8247778
7009954
5164220
661284
3640574
3186713
1613002
679330
4707000
2943224
2167840
8025139
7867988
8318291
8619226
1499353
8895196
5101381
7233188
7085729
7988221
874900
6179021
585595
4435162
1637226
2066311
588357
4681665
1033849
6377514
4195437
2022603
667875
5346039
1196804
5316869
290522
3625936
7967910
4404936
5335899
2281406
669573
2522526
3025511
4236626
872303
1315005
8951354
122325
2634707
4317155
3309567
3801347
1004189
4010975
5322468
920751
6744547
2050529
4588290
3501913
2546384
2000772
785886
840481
8071446
8654177
3100727
579780
3353454
4773208
9116864
6621907
5862762
419554
8284223
5813877
6261613
2857193
3309994
2944867
3855311
476671
4437861
8939044
9352794
9177696
8471875
9331068
5370980
5609108
9955
9393040
4763912
6727384
7838172
6687545
508175
2973178
5154423
7262647
5131700
2023127
2760055
2061789
3780547
6266126
29698
7461154
7195012
7132484
7971053
983957
4969099
2483159
2991271
9692539
6219829
5744003
9977351
3929303
7229532
7406300
7995988
2593777
9055990
4775819
1641266
9489919
4716913
1425042
3213754
567758
5936908
3534154
1141543
2888939
9873364
1712178
615187
1939650
5232750
4532156
7524754
3018882
3035479
5099654
1176429
6756840
291860
4325265
5759227
345415
7303156
1498058
1363550
5128770
153177
2539317
4445625
4820584
2126
3730338
189034
1418079
3750814
8085703
2957548
7641003
5682694
3966425
7705236
8188343
3241043
76366
5090825
167774
4617880
8910142
9128388
9712191
6748719
2614014
5538180
8136776
3830068
4459984
4667306
3572774
622616
595019
6453909
9556907
4660906
7029113
5959111
154946
460805
3501002
7258027
3701753
1193876
2696875
4433378
6230467
5081209
587787
127346
8371145
7436168
9679227
7141561
6103107
3244680
6758130
2762121
7441304
105361
5182820
8474778
4594735
7048734
4908896
1213403
7133133
1137494
9618043
3663359
2315179
8323254
7105306
2500674
3394866
9291037
2144775
1798761
6321801
8077967
2828641
9875153
8087328
3883149
258275
1573481
4454549
3130504
7310905
7197364
3237214
5703992
9254215
2121501
844797
6988920
7821028
5631052
5601731
1386275
9201393
2229999
1209984
2602401
991683
5016959
3916637
5389112
9626180
4086407
775926
5107943
9766585
2046543
2513103
4288229
1392575
3564867
8121267
8498360
1572307
2099315
763732
151366
6557405
7643829
8664739
2173419
8490765
8799639
2652782
7665950
2006819
8352082
2066187
1755970
4634241
5872561
9434510
1535527
6483420
6773394
8860072
8579481
5380010
1671502
3109472
1318131
4904470
4001845
8884392
609153
4613101
1147823
4015398
5813323
1575049
2383820
2813311
9635859
1425221
5293926
8958804
5349015
3990255
7083675
5589354
9144286
6737929
4202339
4686889
4809448
802302
6023084
9002391
8951085
1376701
8042476
8220806
6636435
9738660
9124687
4805369
6304267
3734566
9655090
8712909
5316606
7652372
9294993
6998631
768069
7491089
8204031
5665897
57555
1439425
4267430
2663897
4312235
861237
5180081
4811504
4237722
6836375
504371
1696651
543065
6001966
6506331
2498569
2927581
4484094
182789
9841824
3546456
4152170
6832258
2869690
8877192
2348195
2198310
7100381
6749591
80410
229791
295303
1516974
352385
1927390
8805212
1529975
3840223
4310634
2103184
2743229
2060621
6503775
7317085
8142105
6509286
342305
9754939
3565415
6440956
1108009
9033346
100792
7664297
1516791
5155131
3890267
5798440
8134268
5866871
4647801
811315
1409861
1849388
1653824
9531917
162265
9600182
1241615
4674484
2174410
7981572
8575156
6548830
6895535
2014205
208143
2742374
6118102
1593281
9999805
3297555
3496103
9574482
8567104
7503874
5380645
5328017
9265456
4334776
9292546
1591277
4174502
7466399
6074585
6407877
1188248
5911929
9412948
4422070
5386409
9372745
8567248
277146
6577607
1006306
960904
9954555
1931236
3191807
1705930
5217738
6326391
2578530
3383922
1280611
3918798
2230460
2207105
7481153
2119529
4759346
1122737
6784160
2383838
6089375
6808422
1983947
2563220
8874150
8436921
6055344
5685671
833428
6317276
7849067
8122571
3882686
1715071
1054140
6493826
6811322
6342347
6437059
5264896
2168017
7904746
8219940
2287791
7068982
965764
8227232
8007769
9156640
7246018
2806212
8137733
7042090
8832484
1740795
1209643
2200803
21486
4714482
1594353
6720206
7272548
403311
9291982
6573014
6855828
4722158
7771911
526361
5799081
4298225
1175969
6284539
9520107
3506734
1075444
5365636
1839092
3522581
8715653
8990888
3182766
4434960
6588662
3806460
7771522
3022822
4603715
5398096
168228
7842144
5104833
46570
8170104
4281371
9481281
2542764
8978246
5887659
8060954
2045351
1023488
2571973
8193542
710812
282516
3218359
4660889
1911944
1834081
5394970
8516202
1054286
5874480
8061355
6914571
9767908
5947829
5263880
5022058
7166683
6684399
438142
5683393
5532722
3543402
3503489
1220104
2532754
5275597
8589809
6544603
8081251
4446349
6633800
2101802
4684750
7748806
6606104
2472980
7281509
1933483
8956417
9220243
6500788
6952263
6686007
1551688
5989296
8112388
9577671
6423579
5593180
9770026
7604582
9338110
6280664
8664109
9251039
6660744
7380191
4157578
2890129
1166545
8292696
4277738
7956427
2236714
3681776
5748891
169642
1191105
2508373
3651898
4642646
7494491
6621851
6803742
2372353
3169112
2416962
8790709
9698990
9089071
912694
9940018
75039
4971316
3778085
9159252
9385630
9316813
9345
260799
6757749
1461356
876761
9880251
1116654
160558
1192718
6888314
1471628
3851172
8293782
6329554
3038179
8686890
3233081
9570777
9996180
7865454
4561227
7941647
3284975
2707230
2439452
9254548
3901920
4160796
5711455
2928729
7815123
374249
815748
8106709
2694052
8299849
8717867
2933160
9022584
4044802
1459308
2327951
4386879
9030632
5680009
1002150
3139937
1922827
7820128
4775255
2843956
7870796
233911
3693198
9297245
5371803
2528255
7476708
3444897
9409441
2390758
5730243
2969110
5513619
8703
22907
9262957
8021251
7785524
2182282
3409949
9920705
6233371
7146661
8904752
5023584
36609
5983298
9561242
3154702
7235279
3300122
329721
4472719
9049180
461430
6534519
298974
6856687
4443638
8403788
7275431
6333772
4638540
9755644
4552449
970852
1510843
3131443
3844773
2638564
6556967
4846928
6663842
8105679
7771196
2199852
9876645
1694645
5028932
2555139
5051920
2376089
4826567
7557514
4589797
7022457
8814902
8225162
814713
7698946
2159693
7003109
366987
7955055
1630538
5138426
3126077
6962459
2745197
1623985
561079
367825
7574000
8732565
811824
1284232
6930605
254567
6027341
3774439
8100402
7818185
9126322
7021679
699385
953871
5796166
3006643
3464361
4870549
7157432
7752296
435904
4348347
5198216
11760
8241199
1727059
2412933
8748643
5692314
4372784
6473073
9858644
8346493
1267474
8833314
9591961
8982550
1011153
7120826
7479382
3216490
7729543
3953058
6258257
9272956
1772266
9506045
1245260
1925527
8356462
1027914
5305196
8192036
2864599
1728872
4325115
5367104
9425213
9882613
1846700
7568942
98402
9467411
72477
6143603
9449670
6232407
8070324
951092
262697
9820506
7374672
8816615
3398346
7483353
7854797
3864014
7127279
6412732
1854721
4661214
7672023
2650187
5995634
5948070
8718754
6145125
5956184
7893309
8660968
2687211
4571045
9272158
947830
388964
8241223
9792395
6521013
3344409
1459073
8249584
1627765
1646894
9356447
6886255
6623076
466822
7647818
391735
9490223
8897435
9169120
1355310
5832037
8206779
7903940
3367356
4148931
5604594
6232164
8224930
6689892
92729
6563441
6037698
8734834
1214891
8624962
8594087
2269922
8829963
8257227
3089807
4551644
684189
5005635
464240
5298847
6033236
1041436
2084050
7006066
4402648
869143
4911974
4007698
7494952
9380595
1642177
6919931
3490530
4785626
8621091
5488258
2624493
3274740
2859781
6992515
637648
3070993
7984305
8368366
7170837
115599
7577910
1797707
8729895
4867391
1070113
2994688
5067688
3403151
2538104
9945476
287266
6274624
9795791
1823706
2608051
2504713
134976
942761
9114246
5945904
189287
9349525
6681787
7086307
464264
4032072
8906264
3054494
6885541
4331318
8182493
752651
1138452
3357564
2505566
3980074
5539555
7183547
3684177
6365022
3698365
5100027
9575502
8909954
2832668
5738532
2257396
8397341
1709534
9579945
7628116
1909954
4030680
5389010
9543445
8136701
9086982
6052978
4717741
4876475
458434
2200586
5847935
8888321
3763469
9923300
931865
2967684
8286937
2677403
824643
1324539
8696023
6924822
308630
6427872
7910402
6517105
4575960
7896737
1126311
4474784
4166618
2020722
21143
6950700
4238829
7416552
4645401
1564524
6389719
9278903
9090632
1941543
3798568
3824759
1224770
1983056
9257988
8728930
6298096
1608943
3694209
3483540
4851018
3293643
184718
5838821
6781267
1579417
147529
8057818
6296281
1763688
2929018
208888
2355129
5428343
1010223
5611050
3103262
4322541
1697334
5617931
5413557
1933369
8634338
8893727
7199209
4515114
904721
7639267
1541835
5690811
5012412
6586701
1380733
8621168
8780439
2994135
8277613
539978
6196943
6842568
5483785
7666342
7603450
6319213
1626782
8509556
8311883
5294779
7360415
1146918
1844955
5334849
5931442
1655392
8148617
4475464
2485372
1788535
1503514
6179692
6540699
4744667
214497
3216269
533942
8286771
6495758
946239
8416488
444417
7585543
5197506
1729005
5218248
7939646
1362817
3912814
667074
557373
1981394
6753468
3470213
9926995
4323575
2018085
91413
5312126
5667628
1484938
4649400
2716185
5935052
2119701
9243690
6384634
6231610
1432329
3612672
8344943
3161852
7295759
3105685
6852827
3808996
8447819
3177405
4470613
897366
8025625
5732610
4391382
2451640
274384
2329046
5999439
9397416
3744164
5903081
1146328
8476550
1364311
1966876
8056791
7574760
5482080
4507327
5271590
4733014
6976719
1932237
2552960
6271354
1243092
3188463
731480
9912070
4412770
7069283
4919050
9726435
7951413
3346273
8260138
1779793
141349
1786987
8753147
6008565
6658801
5120633
8108187
1168472
7977895
2660564
4455147
1378127
2715023
3280732
7196311
4218029
3772558
639349
8479350
2509358
8189316
3934530
7643977
9992918
4202192
8680715
601776
161074
2421814
7228314
6497667
3170542
7005268
7705697
6559323
4377233
2192388
3953861
6585233
3926541
1628590
1274300
7056760
547167
5122818
590558
308569
654407
7429007
2818684
7247626
1263034
507682
5506826
5822162
1539409
3665543
6963204
4249084
1973839
1902817
2505782
8674502
514687
1108902
4908163
529290
3806039
1388092
4959422
1718929
1372360
4312541
1993257
2993121
2687893
1531494
7892675
6646134
8246516
9044615
6675954
7167155
7478352
429299
4786869
6020098
2532702
9431613
8145930
3493057
6542553
4735640
2881544
6813215
7447724
8703323
9373153
6993592
6649539
9370434
9416064
4296562
2901912
7357401
6573541
4297947
1160208
2448679
7876905
6323217
5222365
9448306
4102984
3552978
8006191
9409222
3792014
694384
4752290
8550090
5527360
9937345
4781446
5325399
3146799
8420087
3324845
6671082
689709
4881276
8935558
261265
9640605
8449616
5707367
3290435
6251846
5601878
864425
434142
7575891
8064339
5854337
3176785
7853524
7481108
3530117
6932624
3735807
5998802
2618056
8206285
644724
4895812
9735438
9479625
2344011
6562374
7279384
8674952
5327526
3078013
1624099
2092104
9236849
6611652
3384936
4747419
8626098
9461189
5026814
4327136
3515224
3806872
5620825
8897066
6024137
7745758
326337
9040130
439650
4470697
4530283
7145752
6138652
7457351
5547754
8848268
5365452
4203311
9909474
3065373
4487193
5333647
4665962
9096981
4974442
6069800
5408167
408910
9822493
2287716
4821345
7402775
6601947
6530382
2106782
2554970
1854607
1407506
7152454
8373817
2684242
7673286
7659169
729258
687185
2148093
8543578
4964425
1545855
3343056
5030965
246614
6880651
6655788
6035354
6211115
526780
3924965
6148776
9614049
2671198
46941
7720636
3982097
6554590
2477858
6776820
9761912
4378592
2309426
6447303
5007873
2213911
1947089
6428683
9396454
5132914
9629864
9338146
9028330
1677388
2521709
8825999
1243098
1342098
6104167
4650837
3974273
7194946
7070115
3254404
7381113
5816081
267940
2341258
3953037
4689139
3919215
4234544
8584265
3714839
471438
4199530
230425
9632925
6619044
1693742
8257031
6011133
9276566
6749480
348772
1151218
3802801
5569699
9037595
9469895
8489183
9120443
8265779
4901553
5131888
8884978
7527043
6378008
1434016
2872864
5187827
8949224
5590154
6166489
6373781
1806097
4093253
1878279
6067713
942653
3375129
9588518
2161565
4044479
905989
9621630
9058574
5666862
8089775
9276475
2530267
9326519
215276
2450996
4331593
2947964
451325
6445190
2392922
8791527
5483367
5982925
6984009
809333
1516863
462661
4062481
9329349
3687903
6574679
1515297
726220
5267267
5420487
8119680
424568
7625169
1855013
7208142
9682961
4197205
6644148
1915843
7462556
2148151
3623244
7663948
9369929
3630495
4194442
9002428
8092231
5939345
6236774
1427130
8838766
5140034
3884022
3543591
7620443
7615768
4355191
352266
1789071
9805152
4493577
602524
4564824
9835870
8484308
7591684
7784404
2194014
5955907
2521084
8570652
2426452
4625602
769803
8238520
2398187
2157073
2656405
7336109
9950052
4411796
1856510
4726547
2727010
5211870
9805708
153413
7997981
9600538
1193690
6263525
3416001
8407411
7384554
6107058
6563936
123659
4932132
5656901
6379152
7092762
348708
1435885
7160333
122551
6003709
2625235
5247424
6515301
6525695
33418
9317619
7797056
9992715
6726344
9322726
7556725
5758454
6623288
9285491
1114572
2358291
7876908
7042367
5521109
2985434
3342309
4669388
4282329
2091298
6695192
3736880
3794557
4627245
9940358
670533
52555
5085977
9860308
7216561
5696405
4130894
5563311
6808841
3476956
8724996
3051031
7470151
7009687
5983142
7501150
5775830
2716216
5272947
7990150
2474494
3279366
6040650
9594330
8564925
7567033
9335608
2721965
2329588
9648662
6237766
8966161
401593
7875401
1605966
7360861
9552105
685848
6365437
1557756
5025853
7220282
5525277
6167218
8786037
3150758
2034309
7037397
2934654
2564549
5778347
6378920
1122196
4076795
398449
4826398
4625276
1011136
6892199
904311
4028039
4297963
3239668
3498251
7652230
9285058
8733510
8761027
3642952
2145447
9049678
5586002
5422037
4675597
9730947
2007530
5365021
359441
3566060
5951031
4920494
7516744
5900065
3575672
5962001
1784290
7307036
563920
1623423
4956692
9180573
8810430
3269716
6670946
406705
7250392
2141935
8485816
3955094
3984759
810975
2981416
8032662
9225132
3784855
483238
2695784
9941310
3221820
2801278
9234233
3955724
9216248
4149574
9440235
7268058
3903384
5125318
4258696
5538517
1381112
7352165
1617530
9957602
8905730
3467876
3394564
5232259
2893510
6082836
2051651
5175982
2362465
1825757
348252
4664714
1231963
806262
19076
2688845
3692338
2973384
6419677
1265220
8341558
5072889
1831492
5334871
5550169
9184881
7221872
8472552
7207616
8140414
3182372
6075194
705154
6038386
4639316
9240688
9590779
9992147
9562446
1434671
8836132
5314530
2729625
7047911
3546630
3333470
4360107
6396286
4156467
4350739
2792164
93544
796475
9557901
4774379
1121416
4126561
5119755
2019806
2378196
7355990
2295439
7030056
2069378
6535518
9077804
1530169
4458033
8882863
3560675
1776902
8170235
9511021
7240350
4542345
3075222
9150486
4190472
8730185
9054130
2679969
990945
7116193
1536783
9650889
5107538
4779551
6970523
3432238
7222683
926975
160939
1223201
9404053
611264
2227315
6590116
7498629
6332760
294636
5864386
1142365
8090674
4183697
5039029
3316148
7186445
2664437
2828500
8470226
4802203
8269002
1975351
5494221
6729475
5341057
5012485
1321306
4973151
2238406
7533981
822070
4031643
4316332
1746892
9700091
5396803
4761183
8736722
7778859
5932621
8060056
7318607
951737
3766256
2588668
3744698
8488150
8102753
5363514
8325711
193235
8032696
2856036
5778617
2764387
1957262
2343658
7034417
2293201
8514461
7035885
6707391
6993419
9695852
3833997
2579464
3255926
6018348
7222649
1189140
1491799
9753929
2785060
2130853
4943494
5039868
3846631
7616425
6557401
4496281
5333837
1303830
8377486
5965948
6511481
5058395
3369596
6184224
6600669
1232919
4563023
1250435
5554206
262868
8678265
9835009
1834894
6090012
8245696
2857275
6832767
9776857
7013443
7308513
4985549
5271287
9882542
7041772
4613160
2451646
7019754
8077206
5914541
6727450
6223177
8917411
3928706
6519113
9655348
3301152
9903219
5121225
4009015
4777492
8941899
4557071
5154223
3853489
2312648
5228999
3255866
6966472
2159322
5900163
2686791
7165823
430856
7002188
549956
6937954
4443
9353594
4098983
6218543
1625937
7498896
5593951
2066377
2049049
4069347
3567204
7480588
5383524
6562068
3292529
1774492
4119097
6852806
8079205
4629713
9518890
6571463
7334549
1452532
8338871
5549659
7574597
4226395
7513021
7791687
4164307
5923518
1403705
1501486
4152327
1871234
6737983
4520598
9205314
9358031
8504990
7315849
2062064
962293
4574875
328552
7846587
2022587
8371289
1881620
4655273
414477
4052626
6155241
908206
7696871
4579038
8676370
1897828
1190147
9543469
211886
9076266
8832936
758547
3333484
8198461
6668890
3683038
701478
1662598
8005539
2991889
2882740
604015
1362421
591586
3670492
3808781
4067766
7113759
4981148
1149213
9458053
9511871
5576504
4248034
6607636
5263951
7870358
9652009
8599388
9933629
7545100
5091339
3442481
3923918
7517316
1735889
5094617
4268057
4374746
746837
756016
5957785
822952
1377722
329785
7705331
9680754
5692647
5001766
7814643
6695597
505550
1145265
7461333
3289700
3287122
3768392
8068624
8280456
1814909
5246808
4834016
1312911
3834166
2372641
3792065
4940770
3886832
4071223
8393953
5288996
1406641
2222507
3070742
8352884
9008618
3995232
8527253
4966768
1619289
1326437
6983545
4708969
2353244
6671213
1141118
3852462
1519189
885777
17021
5524416
3933202
1833802
3778959
712863
4139981
9190398
3306509
4059723
4298765
4619047
9571697
2987643
4546479
1537425
8593686
9428095
5516175
745466
5793721
3661032
6502370
502697
5010793
2463895
1950932
4727856
9445548
4326729
1588920
5335567
8122837
6665249
7357953
5376227
538547
9805412
7244559
9159681
259706
2032621
387157
4589875
4475978
1042542
4780759
4060134
943315
3018911
1475103
433690
927491
8950172
1325564
1427581
194362
3795910
220681
8476870
2302391
9238441
6727351
6258927
7783421
2801328
4402669
9294667
6136702
5986907
3645310
1774134
6099121
4421192
3955832
3818221
6490005
3341374
5598526
998610
3842432
9690263
2034959
6424737
7229767
8912879
6970968
9744784
3431301
1051472
9379268
3645357
4449474
9086627
4069179
469004
9288076
8843287
1793813
3645141
2320333
979590
7406482
2279277
9088784
3411953
6799557
9337324
5955958
8499133
6511966
8975167
2748613
8053158
8086476
4106473
9675754
4583224
8679128
3942584
193251
3764037
4411849
1043612
8997237
1569114
4514352
6309243
4775495
8194607
1229583
9077122
997932
4471595
7631396
5449108
9231282
9044450
7258357
3636460
4543643
6764794
7200477
1320963
7436437
5735961
5961776
9653023
9306980
2354960
3232752
623480
9779216
4182040
3578193
1706835
6975924
2179833
1868005
6601382
8372846
6775284
7150424
9298465
3390266
1604221
4962350
624491
6193268
3145562
7374968
9493237
5205560
8527292
8812606
8905985
2533985
6520073
7109575
6073842
2237959
2903710
2758082
7616556
3334733
6050259
9618595
1608874
7856899
8161708
2952909
8854955
2251039
9129544
3806435
1422155
326995
3244705
2854067
4649894
1157156
2148566
3056140
1714407
1839023
3529738
8514993
278829
5700244
6122490
9054099
5849413
5374468
4357975
6976559
6331600
2607505
9280840
4574408
9137113
986267
1205365
4067409
8792679
7366520
8526643
9615502
4852279
3019236
7510369
6781875
223277
8025001
1489276
6623995
7037161
1744790
1833548
652400
4179365
6874297
1865263
8723332
3520233
9072203
338583
7832104
4971553
1504298
692304
6187007
5757423
7176651
1369984
4116997
8238369
1202073
9247097
344437
1774646
283001
418158
2675091
1593794
8149459
4059693
9058757
1221319
4378397
2240343
6859347
9261905
7371130
1821468
9235866
5754456
709345
3498034
53414
2563827
7622073
7432508
5074208
2083763
8619884
7200416
3326082
6136503
28677
6071739
5718919
1839948
2837508
6625135
9570189
5205121
2562213
8873091
1151185
8207804
7465220
7947929
3129460
1815815
8399465
3950950
6082118
9127955
8871119
5353687
185603
5633569
8196434
235823
6295987
486052
1619801
2099656
6546306
7092600
5340451
935848
2649250
332822
8945196
336825
5579672
3988225
196597
5821355
1252068
139405
2202823
2621131
8845465
9289252
2386882
5608484
3454490
3814264
5296526
9250298
3854346
347697
3961976
2951556
4191042
6914085
9669975
7949616
1235578
2298645
5592271
3658594
8585500
2371514
1623949
241777
7140856
4529240
9884182
2035165
9428241
9299274
828127
2386345
512243
686167
8624847
2782192
8182379
3907627
6725077
6080134
4738880
7044813
9070096
4161559
111434
2403450
7386604
3003268
5525213
3045613
6965802
3639593
981513
6706610
1696626
390504
9337636
8709795
3336045
6906066
314050
4387041
287180
1053087
1079746
9388093
4926508
3965765
8201278
164458
5527588
5069144
6099345
8272954
8327175
9315820
9681635
4914323
7538468
367513
66112
7344777
230922
900643
6119856
524994
8379936
6512666
8323088
7242580
35361
9663386
3512822
9040727
8781652
5484367
7693793
8722918
3791845
4566774
3242827
8975453
547620
383612
4726262
574272
1582633
115351
1161824
1069811
2401410
6335366
2756301
2244747
2119443
4220137
8096709
225163
5243434
4675445
6250192
4244452
8839396
9572102
434427
5297398
7916846
7456544
3308955
1387603
1599727
9209330
9147574
953931
8375391
91820
879095
706859
6303924
5637871
2632467
1966342
7568030
4555077
4298003
8830676
8449579
5599251
7024172
3011840
984058
5025145
2439933
3902854
8183527
266513
2329716
4164563
8257346
9497388
5337679
1938388
3631931
6384410
8306181
8791803
5268909
5458968
1864768
6692966
1708871
6869817
9193598
3800274
1014387
3589714
974823
1889451
8132759
1214515
2132473
1238939
6394234
5965410
4223859
5848223
9084828
5028683
4576708
4270631
6925521
1267804
6611551
6343942
3662299
3816751
2293286
2658338
9164338
1369588
5965446
9007748
7196673
1671302
4735162
2971132
6197721
1858944
7603806
7553581
385576
8146734
8681139
3577915
1204535
7785954
9531131
9811183
4169869
9347767
7197948
8285327
7137698
6204939
5911380
8683010
2504651
2153059
2681862
9021964
678478
5874512
8601619
5580456
1174424
5526718
3695142
9419190
4761574
8184058
9382647
3324392
1303189
8054483
1208426
2871451
8884363
6965748
1311245
6917731
7474427
8537853
6256492
2778162
8581170
2355277
7272963
158188
8842879
6984720
9972741
4252452
7116329
3656916
5259500
1680587
5705262
6513209
185693
8456671
859058
3640706
4578277
2616323
902600
6899053
8481664
7927243
5359896
3596924
2468859
1646679
6579753
4801844
1398425
9789537
243781
9156420
2650065
9442542
5908492
5517475
1011804
9988149
7715044
9967486
6113712
1517413
1812665
9087524
7335568
468575
5025889
2730273
4772059
8823157
8053863
5526589
2214651
6390149
6905960
4253424
9678440
4286865
2090096
345317
1322282
7337257
2126047
3920570
3680749
9238326
9243218
6415171
5279651
2471043
9162953
4794719
2495305
3292834
4280926
4339930
5547956
8100398
7604309
3476199
9082414
8296672
4472959
4645803
7517161
2007699
3841314
4478495
9115997
9077980
1409482
9231863
7735375
7560381
3487913
9263241
9846308
8920132
7271754
6180038
7157481
3530973
7369920
3020453
9219201
6320987
5795575
3051809
7885109
8870632
8592753
9991696
4306215
1187593
8186154
7754452
9164783
1340199
3785991
1979382
3303127
8242927
105547
3976603
300311
7176756
1972100
3268499
3919721
6687223
4463648
9610067
8665153
6235835
8909214
5312370
8598057
1901466
1253587
6272070
984042
6738542
4382723
5765542
9013949
5963988
6894438
9251434
1156079
5438751
9743721
1640779
9306416
6834286
5579685
3501070
3444820
3360500
3292487
8870012
9857805
5271762
5408054
2688168
5010465
7005108
8501702
1904037
3177916
5860946
1963397
6997411
4402654
6764239
6041951
8026320
5468250
2348002
7821278
4871723
7714411
2414073
2502286
9024229
4387863
3278435
7245049
1759478
7355885
5147252
4360989
9297592
3528346
3016436
6913417
7124673
754775
5843940
5392489
3937265
246657
346634
6503274
159216
7898647
7256994
8161607
9644919
1495826
8926191
1259678
4954582
4238537
9728484
5757526
2841423
8575517
2490742
294171
8937948
7338077
3857866
7749527
4867057
2584466
3328709
4890004
858598
7606066
2974591
338897
1125541
4004072
8315409
8733758
8306232
8448299
3428484
5235417
7451526
5763591
8806805
4160475
3254956
3181909
3190819
7954438
284188
7067356
9652122
5284578
6872947
2593283
69299
5148921
4706917
6505043
6786097
7048093
4209843
7301593
4654624
8282978
9206397
1907591
6151446
6816870
7109861
6468854
6865720
577212
7530285
6258690
8272397
7847522
7172966
6661891
4594854
2420471
5295201
1529941
951077
528962
9510516
8199345
2442334
8535038
1450038
9404332
1899490
4115088
7400968
7791816
7491670
7417655
3956718
766483
6174643
6250988
355555
2938607
7072465
2709940
4609842
2555215
1053756
1235857
4123502
846676
6927303
6155038
2541308
1937212
906892
9318491
8764108
5939662
6976315
6458998
75888
4142860
2766523
5217566
3822760
6478142
5941867
6075125
1978267
2966108
1548312
5852392
2267733
8052367
4978225
7075053
1584854
1183759
2446527
1241403
1595305
3164746
2130083
2252880
7048291
8006489
6133394
7715774
5650933
8574240
4720497
5618593
1418516
656730
8468639
9865669
1661395
3780105
9611301
7100170
1251974
7159570
8965538
1252921
4356517
4710823
2029390
9617634
5342602
7687050
2937230
4315426
746359
6609895
4128516
5524532
8816722
499071
2440555
7398729
5569325
9125913
1404326
5092029
7704451
2250484
4668203
5168595
5338559
8450377
4511447
4170449
3340990
7087533
8578486
7421381
7174167
7687746
5290841
9708116
5558853
7762511
4108279
5476086
9709594
2559678
2098629
496579
1399649
8778834
3922785
6326648
7747508
9021221
3205832
3966361
3813033
1756332
3272746
1691032
7646215
3365007
980840
5107966
2270634
9798348
4912987
2942039
5139389
4127131
191483
713425
5702656
8074172
6249995
1133244
7132427
9443796
3359838
1228903
8438559
8176108
305560
3639907
6313249
6767384
860532
2882751
8584201
7272033
6574558
8730406
3359462
141429
7725961
2349773
7199112
309909
6060404
6727380
1716856
1504582
451278
2735264
4195914
2032883
5675557
6085628
128277
4403207
426135
1237798
9073355
1333471
497525
2492590
1111328
4791769
3384506
6570315
2990266
201777
6234954
5001385
3171951
8704358
8845198
8174890
4081150
8052310
2764674
8206943
6562547
438610
5888139
4402381
5669136
5583164
3720308
1989236
6182726
490346
9181679
2053525
474039
5521854
3441497
7885285
7143969
3700911
8578379
5929981
7292549
6151602
2902308
3320019
5877486
1691661
8874177
4840307
7253597
4838575
9410342
3066851
4506617
413581
4871055
1680725
2970458
4006266
8633241
2592350
1136652
9569891
6970802
6137661
5411130
8036498
9345794
3624218
1798116
1089062
3521402
5752323
6701088
2364627
9419770
154945
4240989
6020641
9144529
6954210
1542613
9377129
39646
2357643
3284890
3506933
8783507
3298152
8991444
4181077
9380243
3305670
4921077
2130935
126729
1220892
186019
6133838
1090853
2063428
5329489
1182036
3324974
402410
9857032
9077683
3919511
9376527
1513017
4617139
2931134
3309089
7318205
3342819
6600943
3148393
9023390
3956573
6189382
3635114
3942472
4716312
6214581
1702573
3094193
8061817
2157744
5857518
7577475
6387811
7108451
3891150
8908988
6830256
2206708
3855216
8637709
4011165
3911314
9553853
7966549
6969163
2631605
5969264
4658621
875712
5596492
8581670
7385413
9603849
1392934
9029524
2822897
2902936
695380
6260280
733416
1920028
6056124
3419151
6406309
1152668
5938273
6508279
2159074
1497609
6860760
1307235
7550273
7303651
7440744
873941
6793373
8342306
3744735
9246998
5628291
335627
5523330
9890249
7284778
187755
4075446
1816601
9294838
4670283
9050979
8442908
6661806
1306153
3291633
4421358
6035174
8903220
6415665
77243
2813892
7845979
8240011
6585486
6516427
729572
6370978
3588243
501452
4050148
8046448
1456430
3228492
4359877
6240258
6887614
4702119
6537026
4237030
3927261
5037713
2153198
8056502
9441473
9364161
8761963
3080183
3507772
247678
3121504
7695230
581056
8499702
3468998
921519
6542068
2053093
4475117
1352574
8558457
5357679
4577806
9625951
5968820
9046772
4629148
3386574
264888
4254235
624201
1130146
8940437
4693264
2179832
9431675
3034252
1300957
7066849
9302362
2296734
5882985
5091136
7863912
7609537
6092361
1566080
2096798
6778974
3160323
2835902
5977767
6060705
3482214
8001803
3836777
830718
1220814
9542617
913336
5252773
9137488
4858762
6061049
4749373
6519354
827924
3455430
2826071
8360335
8882503
4119200
6569764
2687799
6303082
1735467
3422111
5242546
9442710
1360661
9204319
7108060
2344188
1390825
3285016
4994527
3506934
1350729
4453742
9175209
7360336
1594807
9841761
5657351
9951332
8977806
9455381
7532045
261506
3059066
1889271
7050965
2167321
2333376
3338293
4771725
718426
7960267
2718794
8407804
7914307
6388188
8471475
9480881
4938549
336553
1631780
7775973
7414647
420165
7284429
8098396
1558423
4310664
9676280
7955320
3517250
39727
8263738
8164193
5862967
6497367
457949
4567915
284063
3966951
179971
1433632
5190106
1015612
1647157
2543029
3716786
210184
6858396
7872140
4218352
3047452
1357153
2719606
2603449
4640852
7444887
4521816
1818782
2498622
3597722
3630347
7375591
2767558
9113477
3044652
9474088
4781178
6292527
3524283
4187342
5905656
5760380
4107462
4153590
5475658
8352264
9934178
1995221
9961840
7271201
7013379
5825083
137779
9731416
5806686
8172802
8801619
1903820
7874778
8088072
6191277
4804255
2831811
1707927
5318778
952784
7308561
9564357
6989907
1491281
160153
9508933
5614701
8335621
3452298
6839912
2135973
1135568
4763821
7162244
2280222
7887113
6081758
2800880
6747241
5868256
7389359
5228552
2017699
6493537
12136
2731019
4630895
7884106
8289917
6160240
3744191
6038032
6498820
5409230
8944990
166852
3345326
661593
8625871
833022
9165391
3534375
2430630
4860222
9396080
6868979
5347369
2010546
3855838
4907751
323831
3576501
9987095
4032182
6593847
2773299
6570753
4706268
1957944
593
3266473
1909978
224604
8927083
9478159
3991292
1055273
5485170
8194111
2455213
6587781
5547195
8463812
7298655
3725564
1055999
833552
5088857
1886502
138599
1964730
3254017
8302314
5911817
8684139
6284382
8228090
1569547
2327499
8197768
1972831
6954899
9175791
6135460
6059694
119055
6866968
6074958
1141920
6665706
4556622
7814138
9781662
5363369
3026303
3598900
5702904
7194482
5399752
7167983
673199
5554408
1324145
6363050
8616141
5076151
5978843
2269015
9134878
1785333
3344511
6109440
7971764
2762912
6633862
9830961
3546002
7154431
7014734
2336215
3453765
9690391
4369776
8285581
5515729
5873676
6116014
470390
4712963
7459292
6171768
7881562
2324380
2244383
8553471
5321227
1840662
2375217
2567007
1445337
7410612
4880061
3588546
2385598
3583754
8619390
7363946
5213778
6536942
9729919
8388796
4809882
4937237
5337694
1274736
5444477
8320694
337500
4786036
3569362
7350596
781777
6550977
9754107
2598605
8178330
464829
7338323
3816652
7093688
6568372
3955514
1897420
378787
2016112
53247
3898123
4950976
8596976
5740771
9287156
6788560
2712453
1579741
6802899
8379505
8052110
1739664
4869023
528768
8933399
1550653
1417040
7688128
1698499
1821694
2652002
3589018
906251
8106438
5345186
732083
4090066
448017
4590198
844226
8441199
9378476
6103491
9204094
5495502
6993647
2650734
7479043
8235869
2660340
2928576
3021651
9135830
9022267
5553546
1111168
5783161
3981097
4666090
3708357
7605396
8672910
3310082
6397675
3262567
8506841
4655089
6790214
7015521
9026372
1009479
3436189
3817489
6660333
2194290
2654169
6237264
5365767
2829307
2147032
5500776
7716982
6844997
5326427
5319675
3570416
2731998
916123
4423892
33068
8696185
8792924
1668497
2139370
4077868
9410321
2926594
2731407
6634497
7778920
6947819
3735633
7201897
7666333
3907547
3840177
9946027
277915
9111436
8779726
1703689
3543526
5317349
9288119
3679913
8906017
6275540
2516275
4481374
3744558
2216678
3600286
2631991
6006879
8704512
3486988
2023350
7370539
6694552
5245843
1274306
3717458
677758
8478671
8916324
6451945
2850625
9428994
1026543
4003171
5222475
321209
5479325
3506879
1292015
5188514
4109178
2565088
5237322
5053930
4352306
5853290
642467
7314452
5718154
3991042
5821120
860248
2262924
1525680
2628165
8878739
4866112
8475718
7227232
9524854
5035522
5671993
5660427
2275956
3702275
7319208
579252
8419288
7091832
1397116
4443559
2273679
8795272
6061538
268313
1102571
4035465
9160262
7555866
1996460
5617307
4027566
3218293
2804123
3714671
1662796
8280382
2467903
7265564
8098156
9180025
3235543
6565006
3230481
2190976
7974461
5095807
8464384
1661384
5751051
6459021
3534287
5151779
6815055
7591444
585409
3091205
6916027
7103766
7594671
1541395
8339120
9516026
5431925
2536235
7478585
5271230
1337813
7942107
7840349
4609547
2694981
8433987
4226952
7906592
4549458
1063150
80393
4406836
3692483
3465493
3020287
7730399
7228744
3880858
6206056
7324032
8808842
2267880
3704231
2050392
2996093
5535971
5339333
2724955
813937
5432950
4384713
6807675
1164146
7913122
563590
1447017
4004830
7827140
3076187
9037249
7663204
5851232
5702354
350616
3064172
3945809
8245682
5395144
5788680
2876556
8545418
8470341
6961529
3168474
2925773
7813060
4558006
7739966
3209432
3967237
2528317
3722491
9948818
7798899
19082
5962587
4401232
1933077
5730407
3554363
4232777
7542063
7922987
2646436
7671378
8439950
4526720
5860425
6390111
3840405
8581665
9897364
6555108
3259271
7862734
4909853
2554939
160827
7914238
4918398
5579063
4271325
8239010
6474440
5248422
3999851
9756216
1989480
1138203
1403163
7937613
5354487
3680807
4249279
2613604
9819045
646126
982198
2863182
2777997
8126275
3784674
9119662
9193813
1022907
294011
6477633
2702620
5254134
2969744
1119577
4394012
7397020
5827178
5116030
6919077
6271331
3875206
7360248
8372451
1890744
8252046
1861086
2616286
1402475
3966423
3736731
4287758
6263354
1805874
9588600
378313
1752395
3749078
6065087
6945193
7701811
8761230
5746663
766227
4441088
6822134
6906914
5482469
926205
450350
8789796
9522324
9917817
7645252
5396617
4842755
212318
8939153
4936582
121468
1559726
2555489
9235041
1482545
6603573
3028770
7238440
7430768
7266798
1860841
333537
4238158
2785122
9988489
7873919
2099374
6567686
6661380
8272115
9111562
8245938
5269055
2423656
2359368
2224158
7506556
9076193
3103551
7969392
1430634
6751958
2842497
6815127
877630
1002284
37072
683277
2271971
7931805
3263792
6148450
8149951
2488839
3484287
3068663
6323861
3444930
7002938
2699755
8457438
640761
1458386
1347652
4430972
3361697
7291799
6547999
1988605
4511850
9539710
387813
6102781
9344934
9537453
9231026
2056860
3584745
7266226
7754395
3348245
5140489
2820550
614696
4252354
282048
7292939
6150926
4502606
6501439
2858962
1970265
9322729
6568930
487408
575792
8716021
5107901
3746817
3913686
633343
7288183
4865597
4944685
8934968
4333359
2710782
3839817
8141365
1799100
2947563
8818303
7189803
6663927
8419407
5443814
1445495
554341
6171105
9320703
3942273
3817922
1316280
9958889
4928627
520959
4215104
2107734
7223547
3582316
7306432
1570983
9593493
9549844
2624351
4129331
8857890
6780319
604992
633307
9898996
6590190
7143076
1341410
9038648
5009575
6937770
2793984
3686734
7295859
5626406
2877711
5219275
2974096
5641815
919337
5238329
6224702
5153307
3251973
40436
5537033
4803808
1571405
501092
4801628
8890981
390392
6223268
1275463
1971893
7405893
1523949
5647840
1486114
2178689
9153468
4629217
6101391
5859117
476169
5725611
8378150
7525067
6970728
6466500
945197
1734730
2497014
3839790
6308976
509680
2660137
9812103
8660479
958448
6728708
3400879
4897621
9708274
4626209
2928059
4952835
3040553
749679
8567022
2898823
3978261
7918443
7882293
3494939
9763232
6691006
8340625
4513460
1133509
776328
5288924
6275643
6820987
5368026
6085258
8445349
3089760
2059162
7942714
6716377
7679666
9068297
4799234
9069188
4584834
5005689
2436305
2047541
3192707
9772689
5789685
453
418171
2507543
2613717
5230487
2383785
3913762
1146380
3115763
1551716
27126
8171255
5396659
3754184
2128902
8387384
264576
4188970
4506246
6436714
1736740
4976977
6869908
495077
8145427
5644070
1034815
6043633
8793872
468809
675052
9535614
4112213
3711748
1456045
7105780
6777893
6156712
6005444
2598055
8614840
2730828
3138662
6941869
4397747
7320178
608366
1012428
7202434
3339041
1999212
7553602
5895540
1573520
9371947
3948145
1125562
5566811
6633832
6390985
8981739
7163284
4433046
8652792
6426677
8515775
919511
9206144
220311
6877012
1538952
7138421
6249894
8071261
5213912
4880192
1826593
7569022
8433946
3490253
3464437
9288088
6094897
5592079
3873146
4973779
5397958
6923386
9869874
9531575
9456890
720566
3065526
6370657
1929732
5229043
2094076
4778119
1988639
124593
8283050
1273885
7066269
5328857
5644146
2980074
9511814
7731332
1852185
3185292
3017609
5823912
3439119
1110864
6859751
1289544
1333831
1176193
1913930
2331422
9013095
8831251
5987863
28804
5664570
4646240
1170346
2464725
7223463
37224
5188952
9226014
6109801
9587557
2797516
7926086
6944639
259514
1680082
7068179
3502415
3368553
8599609
4282227
5591131
9906285
646222
9635203
7182119
9659449
3521106
5600180
9342870
6356033
4947653
3352725
4153851
3122830
2554557
4731173
1724510
8816656
692590
1907154
7674616
5874130
4662171
7577041
3185026
2656514
7357284
1582748
7269482
7649188
2110637
2248503
8093126
1205881
5020010
1109938
360742
3151865
6238500
9657785
1641752
9920793
4007970
8918962
8632465
2023565
513837
7686678
2703916
9979823
8367760
5010718
1365924
7984104
6284027
7926048
356842
5357805
3815115
1103301
5844915
3660824
7601065
7910366
5506650
7213240
6760073
6881428
9082811
5266724
7507419
4990889
3960388
2214236
356319
7041846
1444405
5819673
7406875
3946193
3379774
3212066
5491005
8774447
1465108
59348
7233941
8192887
5316678
5498049
2338888
4551046
4079085
7373367
9998663
6241314
3305781
9999187
6698607
3240962
7814803
6275808
3350548
8322296
4552656
6926487
3639762
674837
1355934
5608942
5125701
5261617
120499
9005143
9034437
6811605
7463870
6897983
7556106
6079449
9040622
6111904
5381376
7682011
7135594
7668169
4858793
9081215
8190590
6598815
8850538
9074267
3502168
5427727
6192527
2942615
9513111
4365993
8606355
8919926
3393031
1996757
482120
3231117
4829185
9933496
3221883
4664241
19989
7329885
7270661
3594315
2443442
3321744
4644292
6904860
2813724
8710851
6992560
9412625
8847430
6184726
8353882
1098506
7283970
493570
5618647
3661600
7951805
661884
1385163
4729812
3848922
2494732
539229
5307012
3735987
8933746
1987778
7951787
9066617
9850821
8370330
2139533
9205876
370353
1558442
1378176
8880873
7736273
8044983
3350157
9535022
1073110
1581172
2156564
663108
2829293
1116523
9029356
7229756
5910063
8558836
4736051
4341023
4218649
6043506
1987045
8014783
8125772
8818520
1080945
1336537
5862632
3879065
5636290
8550989
9022004
3921761
9549533
7286174
5441176
7762078
1091793
5393975
2789530
1996815
2632094
2780715
786415
8122524
6690910
6396227
8783337
9998867
9211682
1336248
4385281
8106988
2797311
6556904
7713457
4457318
6226734
1688101
3897813
4709807
1892065
1493990
9160886
4775859
5789916
8025424
5313721
5927561
366627
6929568
7044551
2571810
5234216
8711604
2825488
9129498
5688216
2826282
6140384
8221668
6285750
8334935
7379501
9115880
6746958
640298
8517696
7062793
7527980
5088314
9776193
15062
3146681
4686490
9556513
75998
217732
2558268
2478569
825358
2396942
1940104
5322234
127335
4102915
2447295
9178789
6137686
9696296
9025810
13628
4904930
2791252
6930407
905588
1001434
9639390
7818222
2818850
2188163
2348136
8751512
2097817
2137240
3659607
6851287
4161618
3904597
516843
7777308
869143
4724963
1165666
1268130
4215855
9093719
3091752
4733339
7734428
2591091
5017991
5401585
3793450
8903503
477204
732726
1543317
7423899
2364431
8306500
7699475
6855722
4754551
9418153
5251804
7054697
3912745
6126167
8953267
7983511
3289521
2870285
3206906
2541822
4290619
2151625
8164896
1983423
6826479
6390220
738211
2651924
5901197
7642848
1496089
1669473
7877142
4618450
4986147
9098897
1395595
9132087
6651368
5179644
9583393
5556128
5014780
805775
6378444
4229559
7463431
5096743
438793
4989193
1681981
4701708
6056975
1308277
6579043
6186189
4558770
5007616
9646519
3628013
3961087
5907317
3756606
1157085
6482351
4620341
7963425
3277207
4891671
6728743
714118
2150194
342753
4816879
2940738
4671273
1302466
3399483
2759898
5745527
9297153
1477178
3196864
3719022
5660129
1401164
5924651
326879
9306062
9885661
3588653
536502
6450430
5049807
6507446
7412983
6920518
8065177
6181418
5635118
2644127
6787556
5682594
1137580
6316916
6353979
8962468
2162857
6881490
896571
8682281
9193534
2547784
673548
3395136
4524821
804478
2758741
1276590
9866771
9851758
2231412
2961775
9227123
8492679
7308649
153037
7777759
8760893
5932811
2934222
673508
1329276
6139414
7671428
7434458
2773068
3662589
4191224
8184870
1104916
6476415
3004299
3958777
6358382
3877651
1617977
9685457
7016590
9446879
3168946
7211203
2915619
1676858
886855
2805390
2998470
3249727
7925196
9753824
9765530
7707736
6325013
4799702
1781937
1970380
6528512
892898
1210566
3493953
1061746
4089194
7371681
62986
4547426
419547
5567010
8365656
9681381
4766376
1786871
7948559
8504064
1645468
514097
4803925
1438765
636059
8767958
6229792
1008209
561365
1901568
6450822
3629757
4320745
52312
674988
4316526
5745248
2459878
1406466
2951798
7034272
7258427
5036691
9074307
4190982
2720385
47449
8944284
8233230
9259619
2656277
5237785
4887531
969707
1120737
3336525
3105345
822402
4827881
3593330
4575356
1759025
7336142
6009000
6077230
8127612
4788289
3490077
3856697
9030180
3381289
5936100
384444
5444709
1634398
5768810
5537663
9167439
6195043
1556824
4554943
5693225
63816
5980946
2256637
3897948
5704780
2124563
2848151
4891990
4828475
9307695
9886604
1417008
8651573
1646081
8596955
9753396
6250291
9612625
5745467
8355726
7752827
6770581
9551308
4577874
2244591
5432019
1795045
8723659
3958823
5953156
6124721
1828730
3559107
3631336
8498571
8636604
5955551
6156073
2714225
4770309
3691982
7683196
9676719
6369499
1515567
4643972
1970794
3015836
3688808
6656457
8077216
3938841
5700245
460374
1204571
8027202
4568975
9616419
7117252
4174361
1691429
5210837
9708963
4192125
4452172
5829916
2242609
7657810
891695
6443653
6966751
8007180
5181252
2494482
1390486
2099813
9512823
1744138
5306024
4758060
3471934
521105
7962929
2256908
665861
25033
8657599
8698664
5605743
3862648
464661
6133341
7148561
1730053
8452938
1691565
416258
9266460
9924033
382096
6196295
5559061
7575015
1307257
5461906
7396014
8867632
954594
7918557
1529224
4172761
3647503
433462
7957650
2371493
8748742
2831577
8678695
8565527
7924195
7201531
9024677
8849562
2914646
4614566
8139612
2664660
3376348
5111065
3607552
2843145
3435627
551009
9068715
2385496
7041950
7313117
5885196
863292
2069203
1473320
4265186
5562517
7763896
3060233
1586848
9297531
1578101
5220591
3238961
516477
7651128
130386
7959318
3493126
8528464
3039477
4104428
3378257
8196619
2184191
7658131
6587294
4140139
1429357
357022
3576112
9850804
5830430
5299823
1299763
7370856
8091564
8183798
6925893
1725184
7990186
3144959
7012976
6385364
4664199
8637784
8322447
1946811
6298709
6490179
2818702
5659704
7127461
13833
5223917
8795055
806072
7791582
8364996
3209478
4794713
4539515
1083108
7680609
6866684
4785455
1968179
679158
282251
9212635
2432010
8155768
1342216
7968821
4875706
5723576
4812353
8857313
302267
9320139
4291291
4387602
5408932
8899811
759752
4931654
6120134
8570154
828538
3199304
3701684
374665
8708332
4409500
5020569
9970480
554678
9469806
5516117
19067
6482061
3435399
1726610
7380111
6673728
3259394
3294921
9458005
9848589
1180527
40858
5598434
627170
741284
1562144
9645311
711073
7522111
6344666
4992832
9083028
5990437
1886286
6201515
5496945
7831459
1189059
9860550
1501868
1927283
8358914
3144097
8927939
4789843
9280234
8290997
6965097
848633
270126
1958887
4626130
5682904
697536
2631420
9662719
9736582
8159324
4330528
5970497
7359866
6096951
8613992
9932296
1859141
1881759
9888987
2945457
2323081
6115344
9157601
5486794
1200306
4513333
4266621
4651208
6707894
1255893
492209
8087245
1661429
1169380
302406
1200552
7242168
7420010
4307147
5293952
6552921
1038289
7237781
4620457
5756245
732439
2199949
7912684
8560290
9366179
2371536
5632395
8080417
3729599
5959208
8265816
7344969
201572
6538029
1471575
698380
2441691
4849210
1759708
7214294
6968962
4227904
9713390
4346239
2374217
7548141
874903
1880875
9475860
9101494
3048574
4199732
5504784
19275
337865
3648454
7037776
767548
4023845
2265045
6499181
506465
4823794
452198
7269812
2343652
7052409
8730971
592328
6302268
5906714
5700902
222545
9695655
9819565
644454
7713706
6943023
3538260
2458025
4859881
7952788
8654937
9749719
5395454
7132414
1294200
753343
7766668
9236863
3627079
8904978
7441489
3023464
7338825
7634779
9716832
328530
7271324
6434376
4526825
1031056
3599897
7662228
2842089
3246997
5491498
7617456
6505981
6836214
9112502
3676252
5058557
7201102
4583594
9996657
2797735
5068554
2818801
2230862
370129
7869940
4819879
8054354
4918613
4469093
9361558
8023222
2150129
6749995
1140200
844144
5712251
9664432
6955191
2767442
3044290
3293570
4410108
8821932
9651351
134833
6207491
8433023
8112711
2676362
3070332
1965426
5703903
4464633
5132574
9244155
7870422
9224113
4288632
868408
2601119
9375627
3114854
7663734
2008333
3029634
3533136
2436748
7703943
170139
4133457
9924800
4975400
2802723
7194956
3901314
4674374
1799792
8282962
7208627
5851312
3804039
816070
9488943
3142169
9724390
8392819
3538662
8798101
846614
12518
4413107
5726384
2476123
9651042
4716028
8911495
2179472
4760855
16703
6628273
9821350
643126
8438509
9941300
851969
7843966
4758112
1477977
2420306
2501732
1324583
656402
494814
1194585
6679719
803833
4545222
7783754
3291985
3514819
2346165
5590969
7899496
4338513
7286056
1657145
9569515
2542583
2730805
1436818
3303482
5449981
6312389
6044582
5958789
1123551
6858909
3491655
1419591
4762406
4670415
6827936
6266901
8973799
4451818
2514992
4703672
604005
3831277
9629120
7970338
5740134
7972986
412349
9418310
2580141
8405692
9646994
1466854
8208687
3842228
3673973
8628683
1937183
3837403
6924917
6197505
8962181
9913530
5723886
8375075
920266
7391537
3546640
2652481
5006010
4644259
9959390
7054056
1218171
5714143
2650413
8371796
6082138
138402
7617164
50234
4982560
5423624
8265985
3867155
3723568
395971
5473009
9258028
125263
9961583
6883817
8536090
3381296
9771977
6634359
4067235
7063046
1877403
872471
1398976
5744026
6639782
9863138
4528129
4130021
6962197
1233169
5719750
8895973
9621402
4786531
2817870
6910553
7605544
9560167
6442041
9411621
3478775
8979631
987368
2573452
2396595
3526885
3421087
8814880
5899418
6754479
3695138
1613727
9703112
5116974
8250630
9226976
8803351
6764950
8056216
8790811
5384875
1017226
5633012
1835899
6826001
9613977
1416389
7041269
4053312
9431876
3313164
1030828
3134543
8306169
9925618
4418708
2639095
2725720
2638281
9526346
5356960
2681418
2859429
2772707
3481908
7284576
4681982
8695114
6987868
2894853
9098262
2776024
2749496
546918
63364
8799940
8119749
765835
5478372
8347578
1879375
4798609
3114100
4377883
5897787
4212749
4586299
6455213
2490518
7276425
112278
7739712
2805114
1732210
1564667
9669722
2752480
9994599
1232383
1992814
8343978
338549
3194338
3578119
2975042
3238739
225330
79851
6474848
357186
196695
3533863
9183648
6184243
7077450
7616667
7985864
9179105
8394781
9106669
700708
2667582
4631100
6043517
4559495
3246073
9998866
2705366
319202
2866223
2329696
2820325
7028561
4552307
3040234
5843080
4577710
4666982
5428064
2365063
2937135
3887623
2391074
6244243
6885886
952029
8128462
4787643
7586424
4419637
5214410
5805246
9598940
6427888
7514798
4104429
8451687
3360607
5414956
8350336
3738346
3142969
8625950
9547137
2270565
5758563
6550943
8580542
2297928
3823115
9071254
205467
9080401
8583553
9317560
6796198
667806
9969328
4277385
829483
356036
3604107
6492888
7344788
15136
588171
5594127
6579058
4359714
830116
7096499
5537057
9619310
613165
4977151
